29
253 205 275 254 person
611 141 628 180 person
288 153 304 194 person
376 181 396 226 person
577 140 596 179 person
107 254 125 299 person
537 132 553 172 person
452 137 469 175 person
187 250 209 292 person
275 205 296 250 person
514 128 533 174 person
422 147 439 189 person
359 153 373 192 person
46 226 67 269 person
328 158 344 198 person
67 231 87 273 person
54 223 74 270 person
629 122 637 151 person
374 116 400 147 person
341 154 359 191 person
70 196 163 258 car
42 149 135 197 car
137 185 227 246 car
135 138 222 191 car
351 226 478 300 car
26 102 102 143 car
436 40 486 71 car
359 22 413 54 car
329 18 373 46 car
